---------- dim = 1 ----------
[0]
---------- dim = 2 ----------
[1, 1]
---------- dim = 5 ----------
[2, 2, 2, 3, 3]
---------- dim = 6 ----------
[2, 1, 4, 4, 4, 4]
---------- dim = 9 ----------
[2, 1, 5, 3, 5, 6, 6, 6, 6]
---------- dim = 10 ----------
[2, 2, 4, 2, 5, 5, 5, 5, 5, 5]
---------- dim = 13 ----------
[2, 4, 2, 4, 4, 4, 4, 5, 5, 5, 5, 5, 5]
---------- dim = 14 ----------
[2, 4, 3, 3, 4, 4, 4, 4, 4, 5, 5, 5, 6, 6]
---------- dim = 17 ----------
[2, 2, 5, 2, 5, 6, 6, 6, 6, 6, 6, 6, 6, 6, 6, 6, 6]
---------- dim = 18 ----------
[3, 2, 3, 3, 5, 5, 5, 5, 5, 5, 5, 5, 5, 5, 6, 6, 6, 6]
---------- dim = 21 ----------
[2, 5, 2, 4, 4, 5, 5, 5, 5, 5, 5, 6, 6, 6, 6, 6, 6, 6, 6, 6, 6]
---------- dim = 22 ----------
[2, 5, 3, 3, 3, 5, 5, 5, 5, 5, 6, 6, 6, 6, 6, 6, 6, 6, 6, 6, 6, 6]
---------- dim = 25 ----------
[3, 2, 3, 3, 3, 4, 4, 4, 7, 7, 7, 7, 7, 9, 9, 9, 9, 9, 9, 9, 9, 9, 9, 9, 9]
---------- dim = 26 ----------
[2, 4, 3, 2, 4, 5, 5, 6, 6, 6, 6, 6, 7, 7, 7, 7, 7, 7, 7, 7, 7, 7, 7, 7, 7, 7]
========== END ==========
