0.0 1.0
0.010000000000000002 1.0100501670841682
0.02000000000000001 1.0202013400267558
0.03000000000000002 1.0304545339535165
0.04000000000000003 1.0408107741923875
0.05000000000000004 1.0512710963760235
0.060000000000000046 1.0618365465453592
0.07000000000000005 1.072508181254216
0.08000000000000006 1.0832870676749584
0.09000000000000007 1.0941742837052104
0.10000000000000007 1.1051709180756475
0.11000000000000008 1.116278070458871
0.12000000000000009 1.127496851579375
0.1300000000000001 1.138828383324621
0.1400000000000001 1.1502737988572262
0.1500000000000001 1.161834242728282
0.16000000000000011 1.173510870991809
0.17000000000000012 1.1853048513203643
0.18000000000000013 1.197217363121809
0.19000000000000014 1.20924959765725
0.20000000000000015 1.2214027581601683
0.21000000000000016 1.2336780599567414
0.22000000000000017 1.246076730587379
0.23000000000000018 1.258600009929476
0.24000000000000019 1.2712491503214027
0.25000000000000017 1.2840254166877394
0.2600000000000002 1.2969300866657696
0.2700000000000002 1.309964450733245
0.2800000000000002 1.3231298123374344
0.2900000000000002 1.3364274880254692
0.3000000000000002 1.349858807576
0.3100000000000002 1.3634251141321747
0.32000000000000023 1.3771277643359539
0.33000000000000024 1.390968128463777
0.34000000000000025 1.4049475905635902
0.35000000000000026 1.4190675485932533
0.36000000000000026 1.4333294145603361
0.3700000000000003 1.4477346146633203
0.3800000000000003 1.4622845894342202
0.3900000000000003 1.476980793882638
0.4000000000000003 1.4918246976412661
0.4100000000000003 1.5068177851128493
0.4200000000000003 1.5219615556186292
0.4300000000000003 1.5372575235482768
0.44000000000000034 1.552707218511331
0.45000000000000034 1.5683121854901636
0.46000000000000035 1.5840739849944767
0.47000000000000036 1.5999941932173551
0.48000000000000037 1.6160744021928883
0.4900000000000004 1.6323162199553736
0.5000000000000003 1.6487212707001224
0.5100000000000003 1.6652911949458804
0.5200000000000004 1.6820276496988802
0.5300000000000004 1.6989323086185442
0.5400000000000004 1.7160068621848519
0.5500000000000004 1.7332530178673884
0.5600000000000004 1.7506725002960937
0.5700000000000004 1.7682670514337275
0.5800000000000004 1.7860384307500659
0.5900000000000004 1.8039884153978494
0.6000000000000004 1.8221188003905013
0.6100000000000004 1.8404313987816299
0.6200000000000004 1.858928041846334
0.6300000000000004 1.877610579264335
0.6400000000000005 1.8964808793049428
0.6500000000000005 1.915540829013887
0.6600000000000005 1.934792334402022
0.6700000000000005 1.9542373206359296
0.6800000000000005 1.9738777322304375
0.6900000000000005 1.9937155332430718
0.7000000000000005 2.0137527074704655
0.7100000000000005 2.0339912586467395
0.7200000000000005 2.0544332106438765
0.7300000000000005 2.0750806076741113
0.7400000000000005 2.095935514494353
0.7500000000000006 2.117000016612663
0.7600000000000006 2.138276220496806
0.7700000000000006 2.1597662537849023
0.7800000000000006 2.1814722654981877
0.7900000000000006 2.203396426255923
0.8000000000000006 2.2255409284924537
0.8100000000000006 2.2479079866764575
0.8200000000000006 2.270499837532392
0.8300000000000006 2.2933187402641684
0.8400000000000006 2.3163669767810773
0.8500000000000006 2.3396468519259765
0.8600000000000007 2.3631606937057805
0.8700000000000007 2.386910853524261
0.8800000000000007 2.4108997064171933
0.8900000000000007 2.4351296512898575
0.9000000000000007 2.459603111156932
0.9100000000000007 2.4843225333847982
0.9200000000000007 2.5092903899362793
0.9300000000000007 2.5345091776178363
0.9400000000000007 2.559981418329252
0.9500000000000007 2.585709659315827
0.9600000000000007 2.611696473423098
0.9700000000000008 2.6379444593541326
0.9800000000000008 2.664456241929397
0.9900000000000008 2.6912344723492425
1.0000000000000007 2.7182818284590247
1.0099999999999996 2.7456010150168955
1.0199999999999985 2.773194763964277
1.0299999999999974 2.801065834699058
1.0399999999999963 2.8292170143515376
1.0499999999999952 2.857651118063142
1.059999999999994 2.886370989267936
1.069999999999993 2.9153794999769738
1.0799999999999919 2.9446795510655006
1.0899999999999908 2.9742740725630417
1.0999999999999897 3.004166023946409
1.1099999999999886 3.0343583944356514
1.1199999999999875 3.0648542032929775
1.1299999999999863 3.0956565001246865
1.1399999999999852 3.1267683651861304
1.1499999999999841 3.1581929096897423
1.159999999999983 3.1899332761161587
1.169999999999982 3.2219926385284734
1.1799999999999808 3.2543742028896436
1.1899999999999797 3.2870812073830904
1.1999999999999786 3.320116922736519
1.2099999999999775 3.3534846525489943
1.2199999999999764 3.387187733621304
1.2299999999999753 3.421229536289642
1.2399999999999742 3.455613464762643
1.2499999999999731 3.490342957461809
1.259999999999972 3.5254214873653487
1.269999999999971 3.5608525623554863
1.2799999999999698 3.5966397255692466
1.2899999999999687 3.632786555752774
1.2999999999999676 3.6692966676192085
1.3099999999999665 3.706173712210162
1.3199999999999654 3.743421377260825
1.3299999999999643 3.7810433875687424
1.3399999999999632 3.8190435053662957
1.3499999999999621 3.857425530696934
1.359999999999961 3.896193301795174
1.36999999999996 3.9353506954704316
1.3799999999999588 3.974901627494706
1.3899999999999577 4.014850052994158
1.3999999999999566 4.05519996684463
1.4099999999999555 4.09595540407113
1.4199999999999544 4.137120440251344
1.4299999999999533 4.178699191923197
1.4399999999999522 4.2206958169965025
1.449999999999951 4.263114515168767
1.45999999999995 4.305959528345155
1.469999999999949 4.349235141062689
1.4799999999999478 4.392945680918704
1.4899999999999467 4.437095519003611
1.4999999999999456 4.481689070338011
1.5099999999999445 4.526730794314199
1.5199999999999434 4.572225195142105
1.5299999999999423 4.618176822299725
1.5399999999999412 4.66459027098807
1.54999999999994 4.711470182590685
1.559999999999939 4.758821245137798
1.569999999999938 4.806648193775121
1.5799999999999368 4.854955811237375
1.5899999999999357 4.903748928326563
1.5999999999999346 4.9530324243950545
1.6099999999999335 5.002811227833527
1.6199999999999324 5.053090316563805
1.6299999999999313 5.1038747185366615
1.6399999999999302 5.1551695122346155
1.649999999999929 5.206979827179783
1.659999999999928 5.259310844446832
1.6699999999999269 5.3121677971810985
1.6799999999999258 5.365555971121905
1.6899999999999247 5.419480705131135
1.6999999999999236 5.473947391727129
1.7099999999999225 5.52896147762393
1.7199999999999214 5.584528464275978
1.7299999999999203 5.640653908428244
1.7399999999999192 5.6973434226719135
1.749999999999918 5.754602676005654
1.759999999999917 5.812437394402512
1.7699999999999159 5.870853361382521
1.7799999999999148 5.929856418591065
1.7899999999999137 5.989452466383032
1.7999999999999126 6.049647464412864
1.8099999999999115 6.110447432230527
1.8199999999999104 6.1718584498834685
1.8299999999999093 6.23388665852463
1.8399999999999082 6.296538261026569
1.849999999999907 6.359819522601742
1.859999999999906 6.423736771429045
1.8699999999999048 6.48829639928662
1.8799999999999037 6.553504862191056
1.8899999999999026 6.619368681042983
1.8999999999999015 6.685894442279172
1.9099999999999004 6.753088798531186
1.9199999999998993 6.820958469290647
1.9299999999998982 6.8895102415811875
1.9399999999998971 6.958750970637166
1.949999999999896 7.028687580589186
1.959999999999895 7.0993270651565235
1.9699999999998938 7.170676488346503
1.9799999999998927 7.242742985160901
1.9899999999998916 7.315533762309454
1.9999999999998905 7.389056098930537
